Sample	0	1	2	3	4	5	6	7	8	9	10	11	12	13	14	15	16	17	18	19	20	21	22	23	24	25	26	27	28	29	30	31	32	33	34	35	36	37	38
SRR24630893_1	(14.0, 1.0)	(15.0, 19.0)	(16.0, 188.0)	(17.0, 380.0)	(18.0, 328.0)	(19.0, 351.0)	(20.0, 441.0)	(21.0, 522.0)	(22.0, 707.0)	(23.0, 1124.0)	(24.0, 2050.0)	(25.0, 3448.0)	(26.0, 5359.0)	(27.0, 7231.0)	(28.0, 9832.0)	(29.0, 13167.0)	(30.0, 17187.0)	(31.0, 23117.0)	(32.0, 30965.0)	(33.0, 41096.0)	(34.0, 54783.0)	(35.0, 74598.0)	(36.0, 109428.0)	(37.0, 197602.0)	(38.0, 777395.0)	(39.0, 2724956.0)													
SRR24630893_2	(2.0, 1780.0)	(3.0, 89.0)	(4.0, 77.0)	(5.0, 67.0)	(6.0, 36.0)	(7.0, 26.0)	(8.0, 47.0)	(9.0, 22.0)	(10.0, 36.0)	(11.0, 31.0)	(12.0, 36.0)	(13.0, 36.0)	(14.0, 37.0)	(15.0, 47.0)	(16.0, 97.0)	(17.0, 184.0)	(18.0, 288.0)	(19.0, 749.0)	(20.0, 1644.0)	(21.0, 2470.0)	(22.0, 3266.0)	(23.0, 4279.0)	(24.0, 5459.0)	(25.0, 7276.0)	(26.0, 9149.0)	(27.0, 12007.0)	(28.0, 15878.0)	(29.0, 20556.0)	(30.0, 26468.0)	(31.0, 33400.0)	(32.0, 41053.0)	(33.0, 49863.0)	(34.0, 59963.0)	(35.0, 76620.0)	(36.0, 111718.0)	(37.0, 227061.0)	(38.0, 1109910.0)	(39.0, 2274550.0)	
SRR24630894_1	(15.0, 9.0)	(16.0, 165.0)	(17.0, 303.0)	(18.0, 320.0)	(19.0, 333.0)	(20.0, 377.0)	(21.0, 463.0)	(22.0, 621.0)	(23.0, 998.0)	(24.0, 1814.0)	(25.0, 3071.0)	(26.0, 4679.0)	(27.0, 6448.0)	(28.0, 8818.0)	(29.0, 11568.0)	(30.0, 15403.0)	(31.0, 20534.0)	(32.0, 28115.0)	(33.0, 37291.0)	(34.0, 49824.0)	(35.0, 67824.0)	(36.0, 100932.0)	(37.0, 184982.0)	(38.0, 747634.0)	(39.0, 2661071.0)														
SRR24630894_2	(2.0, 1683.0)	(3.0, 87.0)	(4.0, 78.0)	(5.0, 55.0)	(6.0, 36.0)	(7.0, 18.0)	(8.0, 45.0)	(9.0, 45.0)	(10.0, 36.0)	(11.0, 21.0)	(12.0, 29.0)	(13.0, 25.0)	(14.0, 21.0)	(15.0, 37.0)	(16.0, 183.0)	(17.0, 391.0)	(18.0, 410.0)	(19.0, 765.0)	(20.0, 1493.0)	(21.0, 2264.0)	(22.0, 2960.0)	(23.0, 3886.0)	(24.0, 5110.0)	(25.0, 6463.0)	(26.0, 8278.0)	(27.0, 10672.0)	(28.0, 13393.0)	(29.0, 17695.0)	(30.0, 22955.0)	(31.0, 28827.0)	(32.0, 35489.0)	(33.0, 44060.0)	(34.0, 54493.0)	(35.0, 71039.0)	(36.0, 105870.0)	(37.0, 222488.0)	(38.0, 1104221.0)	(39.0, 2187976.0)	
SRR24630896_1	(15.0, 14.0)	(16.0, 173.0)	(17.0, 313.0)	(18.0, 319.0)	(19.0, 337.0)	(20.0, 380.0)	(21.0, 495.0)	(22.0, 635.0)	(23.0, 1029.0)	(24.0, 1920.0)	(25.0, 3186.0)	(26.0, 4832.0)	(27.0, 6733.0)	(28.0, 8739.0)	(29.0, 11513.0)	(30.0, 15190.0)	(31.0, 19504.0)	(32.0, 26017.0)	(33.0, 34401.0)	(34.0, 46187.0)	(35.0, 63703.0)	(36.0, 94965.0)	(37.0, 178123.0)	(38.0, 733435.0)	(39.0, 2549532.0)														
SRR24630896_2	(2.0, 1643.0)	(3.0, 74.0)	(4.0, 68.0)	(5.0, 55.0)	(6.0, 44.0)	(7.0, 28.0)	(8.0, 45.0)	(9.0, 19.0)	(10.0, 41.0)	(11.0, 23.0)	(12.0, 30.0)	(13.0, 35.0)	(14.0, 30.0)	(15.0, 40.0)	(16.0, 171.0)	(17.0, 294.0)	(18.0, 350.0)	(19.0, 817.0)	(20.0, 1753.0)	(21.0, 2660.0)	(22.0, 3419.0)	(23.0, 4493.0)	(24.0, 5823.0)	(25.0, 7277.0)	(26.0, 9152.0)	(27.0, 11462.0)	(28.0, 14515.0)	(29.0, 18512.0)	(30.0, 23415.0)	(31.0, 28859.0)	(32.0, 35396.0)	(33.0, 42844.0)	(34.0, 52838.0)	(35.0, 69814.0)	(36.0, 106294.0)	(37.0, 231245.0)	(38.0, 1143712.0)	(39.0, 1984385.0)	
SRR24630912_1	(13.0, 1.0)	(14.0, 0.0)	(15.0, 11.0)	(16.0, 187.0)	(17.0, 279.0)	(18.0, 279.0)	(19.0, 281.0)	(20.0, 295.0)	(21.0, 377.0)	(22.0, 552.0)	(23.0, 1003.0)	(24.0, 1985.0)	(25.0, 3360.0)	(26.0, 4905.0)	(27.0, 6584.0)	(28.0, 8855.0)	(29.0, 11231.0)	(30.0, 14846.0)	(31.0, 19783.0)	(32.0, 26030.0)	(33.0, 34524.0)	(34.0, 46476.0)	(35.0, 63861.0)	(36.0, 96360.0)	(37.0, 182887.0)	(38.0, 781983.0)	(39.0, 2869761.0)												
SRR24630912_2	(2.0, 1676.0)	(3.0, 83.0)	(4.0, 73.0)	(5.0, 66.0)	(6.0, 58.0)	(7.0, 31.0)	(8.0, 55.0)	(9.0, 36.0)	(10.0, 37.0)	(11.0, 25.0)	(12.0, 27.0)	(13.0, 36.0)	(14.0, 33.0)	(15.0, 42.0)	(16.0, 480.0)	(17.0, 812.0)	(18.0, 591.0)	(19.0, 999.0)	(20.0, 1904.0)	(21.0, 2881.0)	(22.0, 3936.0)	(23.0, 5084.0)	(24.0, 6417.0)	(25.0, 8076.0)	(26.0, 10014.0)	(27.0, 12489.0)	(28.0, 15140.0)	(29.0, 19088.0)	(30.0, 23983.0)	(31.0, 29694.0)	(32.0, 36582.0)	(33.0, 45095.0)	(34.0, 56694.0)	(35.0, 75684.0)	(36.0, 116601.0)	(37.0, 260786.0)	(38.0, 1283438.0)	(39.0, 2157950.0)	
SRR24630913_1	(15.0, 13.0)	(16.0, 213.0)	(17.0, 344.0)	(18.0, 299.0)	(19.0, 382.0)	(20.0, 378.0)	(21.0, 458.0)	(22.0, 613.0)	(23.0, 1213.0)	(24.0, 2219.0)	(25.0, 3807.0)	(26.0, 5477.0)	(27.0, 7528.0)	(28.0, 10056.0)	(29.0, 13099.0)	(30.0, 17487.0)	(31.0, 22980.0)	(32.0, 30705.0)	(33.0, 40357.0)	(34.0, 54464.0)	(35.0, 74447.0)	(36.0, 110195.0)	(37.0, 207556.0)	(38.0, 865883.0)	(39.0, 3236919.0)														
SRR24630913_2	(2.0, 2057.0)	(3.0, 105.0)	(4.0, 102.0)	(5.0, 67.0)	(6.0, 58.0)	(7.0, 23.0)	(8.0, 50.0)	(9.0, 39.0)	(10.0, 37.0)	(11.0, 36.0)	(12.0, 48.0)	(13.0, 38.0)	(14.0, 41.0)	(15.0, 57.0)	(16.0, 337.0)	(17.0, 759.0)	(18.0, 680.0)	(19.0, 1065.0)	(20.0, 2235.0)	(21.0, 3234.0)	(22.0, 4195.0)	(23.0, 5464.0)	(24.0, 6758.0)	(25.0, 8748.0)	(26.0, 11048.0)	(27.0, 13719.0)	(28.0, 17627.0)	(29.0, 22157.0)	(30.0, 27782.0)	(31.0, 34554.0)	(32.0, 42376.0)	(33.0, 51583.0)	(34.0, 63650.0)	(35.0, 82823.0)	(36.0, 125672.0)	(37.0, 270904.0)	(38.0, 1355114.0)	(39.0, 2551850.0)	
SRR24630914_1	(15.0, 12.0)	(16.0, 162.0)	(17.0, 314.0)	(18.0, 288.0)	(19.0, 325.0)	(20.0, 384.0)	(21.0, 483.0)	(22.0, 672.0)	(23.0, 1209.0)	(24.0, 2238.0)	(25.0, 3862.0)	(26.0, 5976.0)	(27.0, 8179.0)	(28.0, 11046.0)	(29.0, 14491.0)	(30.0, 18991.0)	(31.0, 24891.0)	(32.0, 33227.0)	(33.0, 44413.0)	(34.0, 59614.0)	(35.0, 81571.0)	(36.0, 119075.0)	(37.0, 222184.0)	(38.0, 906501.0)	(39.0, 3246509.0)														
SRR24630914_2	(2.0, 2075.0)	(3.0, 113.0)	(4.0, 79.0)	(5.0, 71.0)	(6.0, 53.0)	(7.0, 33.0)	(8.0, 64.0)	(9.0, 32.0)	(10.0, 32.0)	(11.0, 36.0)	(12.0, 43.0)	(13.0, 43.0)	(14.0, 27.0)	(15.0, 47.0)	(16.0, 282.0)	(17.0, 492.0)	(18.0, 467.0)	(19.0, 976.0)	(20.0, 1975.0)	(21.0, 3080.0)	(22.0, 4212.0)	(23.0, 5262.0)	(24.0, 6979.0)	(25.0, 8858.0)	(26.0, 11220.0)	(27.0, 14284.0)	(28.0, 18381.0)	(29.0, 23732.0)	(30.0, 29906.0)	(31.0, 36869.0)	(32.0, 45469.0)	(33.0, 55223.0)	(34.0, 67068.0)	(35.0, 86609.0)	(36.0, 126992.0)	(37.0, 266946.0)	(38.0, 1312153.0)	(39.0, 2676434.0)	
SRR24630931_1	(13.0, 2.0)	(14.0, 3.0)	(15.0, 10.0)	(16.0, 37.0)	(17.0, 123.0)	(18.0, 231.0)	(19.0, 717.0)	(20.0, 2221.0)	(21.0, 5118.0)	(22.0, 9867.0)	(23.0, 16420.0)	(24.0, 25990.0)	(25.0, 37161.0)	(26.0, 50883.0)	(27.0, 67812.0)	(28.0, 90240.0)	(29.0, 117342.0)	(30.0, 149329.0)	(31.0, 187369.0)	(32.0, 232305.0)	(33.0, 286633.0)	(34.0, 352819.0)	(35.0, 439180.0)	(36.0, 560824.0)	(37.0, 756415.0)	(38.0, 1152130.0)	(39.0, 2385298.0)	(40.0, 14910400.0)											
SRR24630931_2	(5.0, 1.0)	(6.0, 11.0)	(7.0, 61.0)	(8.0, 110.0)	(9.0, 158.0)	(10.0, 311.0)	(11.0, 620.0)	(12.0, 622.0)	(13.0, 1118.0)	(14.0, 2039.0)	(15.0, 2781.0)	(16.0, 7701.0)	(17.0, 21601.0)	(18.0, 39352.0)	(19.0, 53912.0)	(20.0, 66261.0)	(21.0, 78590.0)	(22.0, 92099.0)	(23.0, 107272.0)	(24.0, 123540.0)	(25.0, 141526.0)	(26.0, 161093.0)	(27.0, 184152.0)	(28.0, 209307.0)	(29.0, 237710.0)	(30.0, 268894.0)	(31.0, 302616.0)	(32.0, 342881.0)	(33.0, 393387.0)	(34.0, 460755.0)	(35.0, 555600.0)	(36.0, 702667.0)	(37.0, 945315.0)	(38.0, 1424873.0)	(39.0, 2752211.0)	(40.0, 12155732.0)			
SRR24630932_1	(14.0, 1.0)	(15.0, 9.0)	(16.0, 20.0)	(17.0, 91.0)	(18.0, 184.0)	(19.0, 424.0)	(20.0, 1406.0)	(21.0, 3308.0)	(22.0, 6096.0)	(23.0, 9794.0)	(24.0, 14834.0)	(25.0, 21236.0)	(26.0, 30081.0)	(27.0, 41446.0)	(28.0, 55784.0)	(29.0, 74284.0)	(30.0, 96291.0)	(31.0, 120642.0)	(32.0, 150695.0)	(33.0, 185529.0)	(34.0, 229565.0)	(35.0, 287467.0)	(36.0, 366554.0)	(37.0, 493120.0)	(38.0, 751807.0)	(39.0, 1549776.0)	(40.0, 9498224.0)												
SRR24630932_2	(5.0, 1.0)	(6.0, 7.0)	(7.0, 30.0)	(8.0, 57.0)	(9.0, 102.0)	(10.0, 191.0)	(11.0, 373.0)	(12.0, 411.0)	(13.0, 687.0)	(14.0, 1300.0)	(15.0, 1903.0)	(16.0, 5456.0)	(17.0, 15445.0)	(18.0, 27717.0)	(19.0, 37562.0)	(20.0, 45633.0)	(21.0, 53266.0)	(22.0, 62317.0)	(23.0, 72131.0)	(24.0, 83014.0)	(25.0, 94884.0)	(26.0, 108628.0)	(27.0, 123282.0)	(28.0, 139187.0)	(29.0, 157844.0)	(30.0, 177894.0)	(31.0, 199198.0)	(32.0, 224736.0)	(33.0, 257223.0)	(34.0, 298723.0)	(35.0, 360042.0)	(36.0, 454431.0)	(37.0, 609336.0)	(38.0, 918676.0)	(39.0, 1764775.0)	(40.0, 7692206.0)			
SRR24630933_1	(15.0, 8.0)	(16.0, 30.0)	(17.0, 70.0)	(18.0, 219.0)	(19.0, 697.0)	(20.0, 2236.0)	(21.0, 5323.0)	(22.0, 9916.0)	(23.0, 16594.0)	(24.0, 25186.0)	(25.0, 35637.0)	(26.0, 48403.0)	(27.0, 64134.0)	(28.0, 83708.0)	(29.0, 107917.0)	(30.0, 136872.0)	(31.0, 171595.0)	(32.0, 211472.0)	(33.0, 260299.0)	(34.0, 319165.0)	(35.0, 398209.0)	(36.0, 506580.0)	(37.0, 680671.0)	(38.0, 1037907.0)	(39.0, 2149333.0)	(40.0, 12977629.0)													
SRR24630933_2	(6.0, 13.0)	(7.0, 45.0)	(8.0, 84.0)	(9.0, 152.0)	(10.0, 289.0)	(11.0, 540.0)	(12.0, 505.0)	(13.0, 1028.0)	(14.0, 1878.0)	(15.0, 2612.0)	(16.0, 8021.0)	(17.0, 23312.0)	(18.0, 42227.0)	(19.0, 56837.0)	(20.0, 69038.0)	(21.0, 80415.0)	(22.0, 93471.0)	(23.0, 106945.0)	(24.0, 121945.0)	(25.0, 139197.0)	(26.0, 157305.0)	(27.0, 177269.0)	(28.0, 199521.0)	(29.0, 227424.0)	(30.0, 255102.0)	(31.0, 285166.0)	(32.0, 320039.0)	(33.0, 365025.0)	(34.0, 424910.0)	(35.0, 509311.0)	(36.0, 639115.0)	(37.0, 858689.0)	(38.0, 1284840.0)	(39.0, 2459981.0)	(40.0, 10337559.0)				
SRR24630947_1	(2.0, 946.0)	(3.0, 303.0)	(4.0, 110.0)	(5.0, 124.0)	(6.0, 184.0)	(7.0, 313.0)	(8.0, 521.0)	(9.0, 845.0)	(10.0, 890.0)	(11.0, 1006.0)	(12.0, 1023.0)	(13.0, 979.0)	(14.0, 1035.0)	(15.0, 993.0)	(16.0, 1025.0)	(17.0, 1129.0)	(18.0, 1219.0)	(19.0, 1558.0)	(20.0, 1766.0)	(21.0, 2149.0)	(22.0, 2751.0)	(23.0, 3710.0)	(24.0, 4866.0)	(25.0, 6496.0)	(26.0, 8692.0)	(27.0, 11891.0)	(28.0, 15963.0)	(29.0, 21223.0)	(30.0, 27751.0)	(31.0, 36011.0)	(32.0, 44595.0)	(33.0, 55044.0)	(34.0, 69202.0)	(35.0, 92384.0)	(36.0, 132680.0)	(37.0, 234604.0)	(38.0, 715391.0)	(39.0, 1870545.0)	
SRR24630947_2	(2.0, 942.0)	(3.0, 134.0)	(4.0, 101.0)	(5.0, 107.0)	(6.0, 124.0)	(7.0, 122.0)	(8.0, 147.0)	(9.0, 189.0)	(10.0, 262.0)	(11.0, 341.0)	(12.0, 506.0)	(13.0, 653.0)	(14.0, 695.0)	(15.0, 951.0)	(16.0, 1194.0)	(17.0, 1482.0)	(18.0, 1768.0)	(19.0, 2425.0)	(20.0, 3671.0)	(21.0, 5086.0)	(22.0, 6324.0)	(23.0, 7886.0)	(24.0, 9750.0)	(25.0, 12386.0)	(26.0, 15237.0)	(27.0, 18943.0)	(28.0, 24097.0)	(29.0, 28356.0)	(30.0, 33257.0)	(31.0, 37717.0)	(32.0, 43687.0)	(33.0, 51891.0)	(34.0, 64818.0)	(35.0, 86586.0)	(36.0, 132724.0)	(37.0, 259950.0)	(38.0, 862372.0)	(39.0, 1655036.0)	
SRR24630948_1	(2.0, 997.0)	(3.0, 300.0)	(4.0, 111.0)	(5.0, 126.0)	(6.0, 240.0)	(7.0, 428.0)	(8.0, 784.0)	(9.0, 1154.0)	(10.0, 1247.0)	(11.0, 1418.0)	(12.0, 1454.0)	(13.0, 1357.0)	(14.0, 1297.0)	(15.0, 1303.0)	(16.0, 1308.0)	(17.0, 1389.0)	(18.0, 1537.0)	(19.0, 1749.0)	(20.0, 2046.0)	(21.0, 2346.0)	(22.0, 2926.0)	(23.0, 4108.0)	(24.0, 5219.0)	(25.0, 6963.0)	(26.0, 9455.0)	(27.0, 12917.0)	(28.0, 17404.0)	(29.0, 23386.0)	(30.0, 30680.0)	(31.0, 39294.0)	(32.0, 48840.0)	(33.0, 61326.0)	(34.0, 76967.0)	(35.0, 101368.0)	(36.0, 146903.0)	(37.0, 256103.0)	(38.0, 764250.0)	(39.0, 2085930.0)	
SRR24630948_2	(2.0, 1962.0)	(3.0, 170.0)	(4.0, 169.0)	(5.0, 122.0)	(6.0, 132.0)	(7.0, 156.0)	(8.0, 170.0)	(9.0, 225.0)	(10.0, 287.0)	(11.0, 385.0)	(12.0, 563.0)	(13.0, 685.0)	(14.0, 781.0)	(15.0, 1083.0)	(16.0, 1276.0)	(17.0, 1643.0)	(18.0, 1884.0)	(19.0, 2448.0)	(20.0, 3738.0)	(21.0, 5006.0)	(22.0, 6181.0)	(23.0, 8044.0)	(24.0, 9949.0)	(25.0, 12508.0)	(26.0, 16129.0)	(27.0, 20401.0)	(28.0, 25425.0)	(29.0, 30987.0)	(30.0, 36694.0)	(31.0, 41796.0)	(32.0, 48175.0)	(33.0, 56918.0)	(34.0, 71161.0)	(35.0, 95773.0)	(36.0, 146311.0)	(37.0, 284835.0)	(38.0, 955883.0)	(39.0, 1826575.0)	
SRR24630949_1	(2.0, 868.0)	(3.0, 299.0)	(4.0, 123.0)	(5.0, 114.0)	(6.0, 212.0)	(7.0, 368.0)	(8.0, 626.0)	(9.0, 906.0)	(10.0, 1031.0)	(11.0, 1128.0)	(12.0, 1113.0)	(13.0, 1072.0)	(14.0, 1140.0)	(15.0, 1136.0)	(16.0, 1171.0)	(17.0, 1222.0)	(18.0, 1336.0)	(19.0, 1492.0)	(20.0, 1781.0)	(21.0, 2133.0)	(22.0, 2682.0)	(23.0, 3631.0)	(24.0, 4939.0)	(25.0, 6534.0)	(26.0, 8811.0)	(27.0, 11931.0)	(28.0, 16435.0)	(29.0, 21671.0)	(30.0, 28761.0)	(31.0, 36754.0)	(32.0, 46257.0)	(33.0, 57297.0)	(34.0, 72625.0)	(35.0, 95925.0)	(36.0, 138730.0)	(37.0, 239418.0)	(38.0, 714767.0)	(39.0, 1983183.0)	
SRR24630949_2	(2.0, 1957.0)	(3.0, 168.0)	(4.0, 129.0)	(5.0, 119.0)	(6.0, 142.0)	(7.0, 117.0)	(8.0, 146.0)	(9.0, 191.0)	(10.0, 243.0)	(11.0, 356.0)	(12.0, 506.0)	(13.0, 598.0)	(14.0, 765.0)	(15.0, 939.0)	(16.0, 1141.0)	(17.0, 1419.0)	(18.0, 1681.0)	(19.0, 2177.0)	(20.0, 3135.0)	(21.0, 4390.0)	(22.0, 5566.0)	(23.0, 6920.0)	(24.0, 8798.0)	(25.0, 10994.0)	(26.0, 14132.0)	(27.0, 18240.0)	(28.0, 22967.0)	(29.0, 28043.0)	(30.0, 33152.0)	(31.0, 37893.0)	(32.0, 43862.0)	(33.0, 53007.0)	(34.0, 65858.0)	(35.0, 88960.0)	(36.0, 136355.0)	(37.0, 269119.0)	(38.0, 906146.0)	(39.0, 1739291.0)	
SRR24630967_1	(2.0, 41403.0)	(3.0, 60502.0)	(4.0, 10923.0)	(5.0, 4230.0)	(6.0, 3376.0)	(7.0, 3132.0)	(8.0, 3114.0)	(9.0, 2927.0)	(10.0, 3046.0)	(11.0, 3087.0)	(12.0, 2955.0)	(13.0, 2918.0)	(14.0, 3231.0)	(15.0, 3735.0)	(16.0, 4330.0)	(17.0, 5314.0)	(18.0, 7061.0)	(19.0, 10637.0)	(20.0, 16186.0)	(21.0, 21966.0)	(22.0, 29796.0)	(23.0, 40292.0)	(24.0, 55259.0)	(25.0, 73549.0)	(26.0, 95968.0)	(27.0, 122097.0)	(28.0, 152573.0)	(29.0, 185888.0)	(30.0, 223243.0)	(31.0, 268002.0)	(32.0, 318887.0)	(33.0, 380711.0)	(34.0, 462091.0)	(35.0, 574614.0)	(36.0, 744491.0)	(37.0, 1038377.0)	(38.0, 1606369.0)	(39.0, 1039191.0)	
SRR24630967_2	(2.0, 42882.0)	(3.0, 1979.0)	(4.0, 1807.0)	(5.0, 1813.0)	(6.0, 1875.0)	(7.0, 2167.0)	(8.0, 2473.0)	(9.0, 2650.0)	(10.0, 2945.0)	(11.0, 3486.0)	(12.0, 4127.0)	(13.0, 4759.0)	(14.0, 5014.0)	(15.0, 5793.0)	(16.0, 7023.0)	(17.0, 14615.0)	(18.0, 19460.0)	(19.0, 26759.0)	(20.0, 42984.0)	(21.0, 59647.0)	(22.0, 77003.0)	(23.0, 94677.0)	(24.0, 112862.0)	(25.0, 132326.0)	(26.0, 150793.0)	(27.0, 172105.0)	(28.0, 195210.0)	(29.0, 219057.0)	(30.0, 243682.0)	(31.0, 268867.0)	(32.0, 312834.0)	(33.0, 371402.0)	(34.0, 457418.0)	(35.0, 586757.0)	(36.0, 798360.0)	(37.0, 1178863.0)	(38.0, 1621367.0)	(39.0, 377630.0)	
SRR24630968_1	(2.0, 44535.0)	(3.0, 57826.0)	(4.0, 10109.0)	(5.0, 4501.0)	(6.0, 3605.0)	(7.0, 3323.0)	(8.0, 3292.0)	(9.0, 3075.0)	(10.0, 3214.0)	(11.0, 3219.0)	(12.0, 3238.0)	(13.0, 3368.0)	(14.0, 3416.0)	(15.0, 4048.0)	(16.0, 4773.0)	(17.0, 5742.0)	(18.0, 7594.0)	(19.0, 11789.0)	(20.0, 17277.0)	(21.0, 24348.0)	(22.0, 32925.0)	(23.0, 44985.0)	(24.0, 60775.0)	(25.0, 81221.0)	(26.0, 106096.0)	(27.0, 135023.0)	(28.0, 167662.0)	(29.0, 204207.0)	(30.0, 244206.0)	(31.0, 291321.0)	(32.0, 345098.0)	(33.0, 411653.0)	(34.0, 494843.0)	(35.0, 612147.0)	(36.0, 788269.0)	(37.0, 1089738.0)	(38.0, 1659829.0)	(39.0, 1025459.0)	
SRR24630968_2	(2.0, 122853.0)	(3.0, 4798.0)	(4.0, 4534.0)	(5.0, 4169.0)	(6.0, 3993.0)	(7.0, 4195.0)	(8.0, 4501.0)	(9.0, 4525.0)	(10.0, 4939.0)	(11.0, 5489.0)	(12.0, 6279.0)	(13.0, 7024.0)	(14.0, 7600.0)	(15.0, 8273.0)	(16.0, 10225.0)	(17.0, 20354.0)	(18.0, 26262.0)	(19.0, 36794.0)	(20.0, 56688.0)	(21.0, 75477.0)	(22.0, 93654.0)	(23.0, 111656.0)	(24.0, 130314.0)	(25.0, 150113.0)	(26.0, 170956.0)	(27.0, 191780.0)	(28.0, 214988.0)	(29.0, 241250.0)	(30.0, 265367.0)	(31.0, 293874.0)	(32.0, 338908.0)	(33.0, 402013.0)	(34.0, 493925.0)	(35.0, 631316.0)	(36.0, 855994.0)	(37.0, 1225782.0)	(38.0, 1506345.0)	(39.0, 280542.0)	
SRR24630969_1	(2.0, 36219.0)	(3.0, 47039.0)	(4.0, 8227.0)	(5.0, 3718.0)	(6.0, 2964.0)	(7.0, 2723.0)	(8.0, 2627.0)	(9.0, 2507.0)	(10.0, 2504.0)	(11.0, 2523.0)	(12.0, 2586.0)	(13.0, 2521.0)	(14.0, 2866.0)	(15.0, 3312.0)	(16.0, 3933.0)	(17.0, 4536.0)	(18.0, 6215.0)	(19.0, 9563.0)	(20.0, 14141.0)	(21.0, 19559.0)	(22.0, 26693.0)	(23.0, 36533.0)	(24.0, 48946.0)	(25.0, 65387.0)	(26.0, 84985.0)	(27.0, 108596.0)	(28.0, 135102.0)	(29.0, 165284.0)	(30.0, 199141.0)	(31.0, 236926.0)	(32.0, 282020.0)	(33.0, 338723.0)	(34.0, 408687.0)	(35.0, 507498.0)	(36.0, 658233.0)	(37.0, 918646.0)	(38.0, 1425687.0)	(39.0, 919408.0)	
SRR24630969_2	(2.0, 40010.0)	(3.0, 1970.0)	(4.0, 1802.0)	(5.0, 1714.0)	(6.0, 1816.0)	(7.0, 2051.0)	(8.0, 2321.0)	(9.0, 2530.0)	(10.0, 2809.0)	(11.0, 3125.0)	(12.0, 3983.0)	(13.0, 4351.0)	(14.0, 4599.0)	(15.0, 5181.0)	(16.0, 6699.0)	(17.0, 12903.0)	(18.0, 17170.0)	(19.0, 24293.0)	(20.0, 38823.0)	(21.0, 53913.0)	(22.0, 69129.0)	(23.0, 84712.0)	(24.0, 101723.0)	(25.0, 117363.0)	(26.0, 134635.0)	(27.0, 152003.0)	(28.0, 171907.0)	(29.0, 192495.0)	(30.0, 212450.0)	(31.0, 235027.0)	(32.0, 271139.0)	(33.0, 323625.0)	(34.0, 396112.0)	(35.0, 509906.0)	(36.0, 694375.0)	(37.0, 1030651.0)	(38.0, 1457123.0)	(39.0, 360340.0)	
SRR24630977_1	(13.0, 1.0)	(14.0, 1.0)	(15.0, 1.0)	(16.0, 32.0)	(17.0, 85.0)	(18.0, 205.0)	(19.0, 763.0)	(20.0, 2325.0)	(21.0, 5381.0)	(22.0, 9628.0)	(23.0, 14708.0)	(24.0, 21498.0)	(25.0, 29662.0)	(26.0, 39492.0)	(27.0, 52568.0)	(28.0, 69287.0)	(29.0, 89101.0)	(30.0, 114540.0)	(31.0, 143219.0)	(32.0, 177835.0)	(33.0, 220147.0)	(34.0, 272073.0)	(35.0, 338985.0)	(36.0, 435328.0)	(37.0, 590881.0)	(38.0, 905152.0)	(39.0, 1896591.0)	(40.0, 12689729.0)											
SRR24630977_2	(10.0, 1.0)	(11.0, 9.0)	(12.0, 134.0)	(13.0, 1706.0)	(14.0, 3031.0)	(15.0, 3474.0)	(16.0, 8328.0)	(17.0, 21759.0)	(18.0, 38320.0)	(19.0, 51740.0)	(20.0, 63871.0)	(21.0, 75275.0)	(22.0, 87933.0)	(23.0, 100394.0)	(24.0, 115115.0)	(25.0, 131259.0)	(26.0, 148070.0)	(27.0, 167125.0)	(28.0, 189174.0)	(29.0, 213694.0)	(30.0, 241500.0)	(31.0, 270933.0)	(32.0, 306870.0)	(33.0, 350497.0)	(34.0, 410361.0)	(35.0, 495882.0)	(36.0, 626044.0)	(37.0, 843844.0)	(38.0, 1272344.0)	(39.0, 2485242.0)	(40.0, 9395289.0)								
SRR24630978_1	(13.0, 2.0)	(14.0, 2.0)	(15.0, 4.0)	(16.0, 32.0)	(17.0, 89.0)	(18.0, 184.0)	(19.0, 793.0)	(20.0, 2330.0)	(21.0, 5467.0)	(22.0, 9790.0)	(23.0, 15767.0)	(24.0, 23441.0)	(25.0, 33024.0)	(26.0, 45046.0)	(27.0, 60877.0)	(28.0, 80208.0)	(29.0, 104271.0)	(30.0, 133998.0)	(31.0, 169035.0)	(32.0, 208891.0)	(33.0, 260155.0)	(34.0, 321411.0)	(35.0, 403925.0)	(36.0, 522200.0)	(37.0, 706625.0)	(38.0, 1080686.0)	(39.0, 2236246.0)	(40.0, 15220582.0)											
SRR24630978_2	(11.0, 13.0)	(12.0, 165.0)	(13.0, 1803.0)	(14.0, 3568.0)	(15.0, 3833.0)	(16.0, 8286.0)	(17.0, 20559.0)	(18.0, 34252.0)	(19.0, 44909.0)	(20.0, 55092.0)	(21.0, 65455.0)	(22.0, 78167.0)	(23.0, 91926.0)	(24.0, 107494.0)	(25.0, 124957.0)	(26.0, 143871.0)	(27.0, 165651.0)	(28.0, 189282.0)	(29.0, 217207.0)	(30.0, 245060.0)	(31.0, 276524.0)	(32.0, 313827.0)	(33.0, 360542.0)	(34.0, 424977.0)	(35.0, 514590.0)	(36.0, 654189.0)	(37.0, 888963.0)	(38.0, 1352301.0)	(39.0, 2676941.0)	(40.0, 12580677.0)									
SRR24630979_1	(14.0, 1.0)	(15.0, 7.0)	(16.0, 27.0)	(17.0, 101.0)	(18.0, 204.0)	(19.0, 468.0)	(20.0, 1334.0)	(21.0, 3003.0)	(22.0, 5969.0)	(23.0, 9782.0)	(24.0, 14816.0)	(25.0, 21313.0)	(26.0, 29727.0)	(27.0, 41904.0)	(28.0, 56240.0)	(29.0, 74978.0)	(30.0, 97399.0)	(31.0, 122128.0)	(32.0, 152446.0)	(33.0, 187830.0)	(34.0, 233185.0)	(35.0, 292453.0)	(36.0, 377358.0)	(37.0, 512327.0)	(38.0, 785355.0)	(39.0, 1643412.0)	(40.0, 10830769.0)												
SRR24630979_2	(11.0, 7.0)	(12.0, 106.0)	(13.0, 1144.0)	(14.0, 2045.0)	(15.0, 2523.0)	(16.0, 6950.0)	(17.0, 18347.0)	(18.0, 31090.0)	(19.0, 40606.0)	(20.0, 48187.0)	(21.0, 55888.0)	(22.0, 64426.0)	(23.0, 74349.0)	(24.0, 85526.0)	(25.0, 97437.0)	(26.0, 111595.0)	(27.0, 125887.0)	(28.0, 143565.0)	(29.0, 163010.0)	(30.0, 184056.0)	(31.0, 209096.0)	(32.0, 236145.0)	(33.0, 272393.0)	(34.0, 319290.0)	(35.0, 387477.0)	(36.0, 489559.0)	(37.0, 663291.0)	(38.0, 1006271.0)	(39.0, 1971897.0)	(40.0, 8682373.0)									
SRR25031738	(2.0, 3.0)	(3.0, 18.0)	(4.0, 42.0)	(5.0, 73.0)	(6.0, 47.0)	(7.0, 100.0)	(8.0, 183.0)	(9.0, 236.0)	(10.0, 328.0)	(11.0, 422.0)	(12.0, 564.0)	(13.0, 733.0)	(14.0, 811.0)	(15.0, 1023.0)	(16.0, 1107.0)	(17.0, 1283.0)	(18.0, 1509.0)	(19.0, 1687.0)	(20.0, 1960.0)	(21.0, 2347.0)	(22.0, 2861.0)	(23.0, 3428.0)	(24.0, 4678.0)	(25.0, 6293.0)	(26.0, 8618.0)	(27.0, 11837.0)	(28.0, 16097.0)	(29.0, 21509.0)	(30.0, 28051.0)	(31.0, 36415.0)	(32.0, 46586.0)	(33.0, 59046.0)	(34.0, 72611.0)	(35.0, 85526.0)	(36.0, 95407.0)	(37.0, 98640.0)	(38.0, 64251.0)	(39.0, 8008.0)	(40.0, 3.0)
SRR25031739	(2.0, 3.0)	(3.0, 16.0)	(4.0, 39.0)	(5.0, 56.0)	(6.0, 51.0)	(7.0, 127.0)	(8.0, 201.0)	(9.0, 253.0)	(10.0, 353.0)	(11.0, 520.0)	(12.0, 633.0)	(13.0, 792.0)	(14.0, 974.0)	(15.0, 1096.0)	(16.0, 1273.0)	(17.0, 1468.0)	(18.0, 1739.0)	(19.0, 1923.0)	(20.0, 2235.0)	(21.0, 2679.0)	(22.0, 3257.0)	(23.0, 4040.0)	(24.0, 5185.0)	(25.0, 7071.0)	(26.0, 9722.0)	(27.0, 13322.0)	(28.0, 18110.0)	(29.0, 24259.0)	(30.0, 31533.0)	(31.0, 40420.0)	(32.0, 51295.0)	(33.0, 64864.0)	(34.0, 80903.0)	(35.0, 94736.0)	(36.0, 107732.0)	(37.0, 111202.0)	(38.0, 70314.0)	(39.0, 8306.0)	(40.0, 2.0)
SRR25031740	(2.0, 8.0)	(3.0, 64.0)	(4.0, 168.0)	(5.0, 183.0)	(6.0, 173.0)	(7.0, 241.0)	(8.0, 357.0)	(9.0, 416.0)	(10.0, 476.0)	(11.0, 559.0)	(12.0, 700.0)	(13.0, 893.0)	(14.0, 1015.0)	(15.0, 1223.0)	(16.0, 1401.0)	(17.0, 1533.0)	(18.0, 1783.0)	(19.0, 1991.0)	(20.0, 2371.0)	(21.0, 2808.0)	(22.0, 3426.0)	(23.0, 4322.0)	(24.0, 5593.0)	(25.0, 7382.0)	(26.0, 10004.0)	(27.0, 13660.0)	(28.0, 18293.0)	(29.0, 24184.0)	(30.0, 31226.0)	(31.0, 40130.0)	(32.0, 51208.0)	(33.0, 64082.0)	(34.0, 80658.0)	(35.0, 95722.0)	(36.0, 110033.0)	(37.0, 116806.0)	(38.0, 81673.0)	(39.0, 11472.0)	(40.0, 5.0)
