Sample	0	1	2	3	4	5	6	7	8	9	10	11	12	13	14	15
SRR24630881_1	(1.0, 25.522671930479657)	(2.0, 10.30315146590818)	(3.0, 6.1303124272733305)	(4.0, 4.341152511192887)	(5.0, 3.2502065015293082)	(6.0, 2.638302343635288)	(7.0, 2.087402493965434)	(8.0, 1.8357201810587003)	(9.0, 1.6348737210814548)	('>10', 18.81774350913438)	('>50', 5.604299126128534)	('>100', 10.037801676517425)	('>500', 3.35601272920275)	('>1k', 3.8119469399192543)	('>5k', 0.4162478813317451)	('>10k+', 0.21215456164179902)
SRR24630881_2	(1.0, 32.25301820520073)	(2.0, 11.383507894693631)	(3.0, 6.580261633364519)	(4.0, 4.390065823275976)	(5.0, 3.1828580855538684)	(6.0, 2.47721082689785)	(7.0, 1.9942963944719294)	(8.0, 1.6198767256090578)	(9.0, 1.3499073548782836)	('>10', 15.72496574899602)	('>50', 4.673957648443379)	('>100', 8.626090929836696)	('>500', 2.718551084947763)	('>1k', 2.86415478140579)	('>5k', 0.16127686242437597)	('>10k+', 0.0)
SRR24630882_1	(1.0, 24.348497975063413)	(2.0, 10.265633179776062)	(3.0, 6.032146217777705)	(4.0, 4.356593715752051)	(5.0, 3.2274708171959015)	(6.0, 2.666118005892293)	(7.0, 2.226498558075441)	(8.0, 1.8652493205074543)	(9.0, 1.5954858491763046)	('>10', 19.132899272806767)	('>50', 5.775869964662746)	('>100', 10.279575635091177)	('>500', 3.385364308615408)	('>1k', 4.1451138070974265)	('>5k', 0.4793727654458498)	('>10k+', 0.21811060706411609)
SRR24630882_2	(1.0, 31.69019118406477)	(2.0, 11.226871974083712)	(3.0, 6.4330216362302695)	(4.0, 4.41012549994628)	(5.0, 3.219332300245159)	(6.0, 2.4421532503876726)	(7.0, 2.0350964595381713)	(8.0, 1.6967776244426362)	(9.0, 1.468637924583926)	('>10', 15.862706923619738)	('>50', 4.724584538542709)	('>100', 8.754466579014533)	('>500', 2.855009875405455)	('>1k', 2.9849956963784914)	('>5k', 0.19602853351646526)	('>10k+', 0.0)
SRR24630883_1	(1.0, 23.256779552152903)	(2.0, 10.02326646380736)	(3.0, 5.848621334368703)	(4.0, 3.9697656128434393)	(5.0, 2.9461426714409633)	(6.0, 2.2896725999431142)	(7.0, 1.8523096427991892)	(8.0, 1.5865548853488036)	(9.0, 1.4253166294792492)	('>10', 16.96258446390742)	('>50', 5.402107953664894)	('>100', 11.607191631030373)	('>500', 4.7374520687776265)	('>1k', 6.642237698984496)	('>5k', 1.1329012548489206)	('>10k+', 0.31709553660268075)
SRR24630883_2	(1.0, 31.110541040147723)	(2.0, 10.818589938886982)	(3.0, 5.920520188136143)	(4.0, 3.8579647115532625)	(5.0, 2.7456936857396546)	(6.0, 2.1329799847991953)	(7.0, 1.6638193883853187)	(8.0, 1.406949427533921)	(9.0, 1.1905196149272192)	('>10', 13.366293640518872)	('>50', 4.479390189842977)	('>100', 11.032029169768446)	('>500', 4.644521990571551)	('>1k', 5.109242149802079)	('>5k', 0.4349216997499621)	('>10k+', 0.08602317963672428)
SRR24630893_1	(1.0, 42.42361930800638)	(2.0, 12.42841542809284)	(3.0, 6.297809338514762)	(4.0, 3.9332867691187814)	(5.0, 2.803471208635523)	(6.0, 2.247860622850405)	(7.0, 1.7458133981387096)	(8.0, 1.4325107127839378)	(9.0, 1.2347197196128805)	('>10', 12.867664036259008)	('>50', 3.2529240325887416)	('>100', 6.282504525287393)	('>500', 1.8644734004583021)	('>1k', 1.1849274996523704)	('>5k', 0.0)	('>10k+', 0.0)
SRR24630893_2	(1.0, 43.86145033318664)	(2.0, 12.952866683269528)	(3.0, 6.475732203943768)	(4.0, 3.9756192768545424)	(5.0, 2.78523086235945)	(6.0, 2.037706975895476)	(7.0, 1.6697232302924006)	(8.0, 1.320562343686941)	(9.0, 1.1849212019735167)	('>10', 11.952484181914757)	('>50', 3.0922776913771814)	('>100', 5.3273835581304905)	('>500', 2.032438656566008)	('>1k', 1.3316028005493117)	('>5k', 0.0)	('>10k+', 0.0)
SRR24630894_1	(1.0, 42.61154029171287)	(2.0, 12.061466353943107)	(3.0, 6.170351676075658)	(4.0, 3.908603808246486)	(5.0, 2.754629446378059)	(6.0, 2.1629499164426207)	(7.0, 1.6841901705283597)	(8.0, 1.344599306651896)	(9.0, 1.2014182656099837)	('>10', 12.98133485405529)	('>50', 3.556042096824856)	('>100', 6.806631774467059)	('>500', 1.7249184408972238)	('>1k', 1.0313235981665638)	('>5k', 0.0)	('>10k+', 0.0)
SRR24630894_2	(1.0, 44.36246132445207)	(2.0, 12.299705645900335)	(3.0, 6.125221428045304)	(4.0, 3.8433056195904265)	(5.0, 2.706639609796722)	(6.0, 2.002078976400056)	(7.0, 1.5588786263490912)	(8.0, 1.3309075777795645)	(9.0, 1.1394108325275372)	('>10', 12.306952265663798)	('>50', 3.6235142725996523)	('>100', 5.960682667799608)	('>500', 1.9403879368777046)	('>1k', 0.7998532162181369)	('>5k', 0.0)	('>10k+', 0.0)
SRR24630896_1	(1.0, 42.810510090470856)	(2.0, 11.69741407132787)	(3.0, 6.1110775780790005)	(4.0, 3.9034517199130083)	(5.0, 2.734147174520346)	(6.0, 2.128516132690315)	(7.0, 1.816451468011351)	(8.0, 1.4251708092414095)	(9.0, 1.2336317867961104)	('>10', 13.099962941557006)	('>50', 3.599042749831279)	('>100', 6.769733256076031)	('>500', 1.4501764227331617)	('>1k', 1.2207137987521988)	('>5k', 0.0)	('>10k+', 0.0)
SRR24630896_2	(1.0, 44.60813544780119)	(2.0, 12.348786006999763)	(3.0, 6.031899907645434)	(4.0, 3.7123935428282975)	(5.0, 2.7099828660528296)	(6.0, 2.085200703611636)	(7.0, 1.606870703745476)	(8.0, 1.3761006645147698)	(9.0, 1.144753302600924)	('>10', 12.505422792920285)	('>50', 3.5885545391819256)	('>100', 5.885181989864626)	('>500', 1.698005050485387)	('>1k', 0.698712481747471)	('>5k', 0.0)	('>10k+', 0.0)
SRR24630912_1	(1.0, 41.33250319206125)	(2.0, 12.843204316722934)	(3.0, 7.045366180321653)	(4.0, 4.568456683239371)	(5.0, 3.3584978452928143)	(6.0, 2.6054532145993723)	(7.0, 2.0525059774986625)	(8.0, 1.6553764059749385)	(9.0, 1.4067733478735076)	('>10', 14.483127426527176)	('>50', 3.1422898019030074)	('>100', 4.367167593756797)	('>500', 0.6499306162291031)	('>1k', 0.48934739799939514)	('>5k', 0.0)	('>10k+', 0.0)
SRR24630912_2	(1.0, 43.32843023142159)	(2.0, 13.931475898620468)	(3.0, 7.313741758078993)	(4.0, 4.672227795199935)	(5.0, 3.3374961821753217)	(6.0, 2.5513923421475373)	(7.0, 1.872932533479418)	(8.0, 1.5625436488761704)	(9.0, 1.3369822814721692)	('>10', 12.562901849256622)	('>50', 2.5799657854840583)	('>100', 3.802434432979203)	('>500', 0.9496123638305287)	('>1k', 0.1978628969780018)	('>5k', 0.0)	('>10k+', 0.0)
SRR24630913_1	(1.0, 41.56550979172503)	(2.0, 13.113441369218465)	(3.0, 7.091443962930412)	(4.0, 4.7602337569888915)	(5.0, 3.3231291207048326)	(6.0, 2.492432662726409)	(7.0, 2.109223406528227)	(8.0, 1.686271696323078)	(9.0, 1.4274695420444419)	('>10', 14.31825290321857)	('>50', 2.9879183066949726)	('>100', 3.8851196467413494)	('>500', 0.8382363104071039)	('>1k', 0.40131752374825647)	('>5k', 0.0)	('>10k+', 0.0)
SRR24630913_2	(1.0, 44.0687330048878)	(2.0, 14.023294014918344)	(3.0, 7.26040412505778)	(4.0, 4.637555842040973)	(5.0, 3.3027905685129872)	(6.0, 2.5370633804346285)	(7.0, 1.8675448186398436)	(8.0, 1.5732236328277551)	(9.0, 1.2948482317119865)	('>10', 12.426468638488668)	('>50', 2.233773678434408)	('>100', 3.195439133131532)	('>500', 1.20357642404292)	('>1k', 0.375284506870465)	('>5k', 0.0)	('>10k+', 0.0)
SRR24630914_1	(1.0, 41.10353712108326)	(2.0, 12.563713317388341)	(3.0, 6.566085009123326)	(4.0, 4.334956977081488)	(5.0, 3.1376633889904646)	(6.0, 2.339526513102439)	(7.0, 1.9497140938202988)	(8.0, 1.5217775137366285)	(9.0, 1.2778425114900434)	('>10', 13.901405400848915)	('>50', 3.292280982554859)	('>100', 5.402915660770464)	('>500', 1.4195614066603246)	('>1k', 1.1890201033491432)	('>5k', 0.0)	('>10k+', 0.0)
SRR24630914_2	(1.0, 43.69895102416438)	(2.0, 13.219146258636608)	(3.0, 6.7895108950981164)	(4.0, 4.21750524189923)	(5.0, 3.0413056978121515)	(6.0, 2.2049882840868826)	(7.0, 1.825839143621515)	(8.0, 1.4413605929159374)	(9.0, 1.1860743999833252)	('>10', 12.158253176682864)	('>50', 2.9027214654542934)	('>100', 4.584637265210773)	('>500', 1.5989620082644669)	('>1k', 1.1307445461695187)	('>5k', 0.0)	('>10k+', 0.0)
SRR24630931_1	(1.0, 21.40813454423071)	(2.0, 9.720929546490192)	(3.0, 5.900908646908356)	(4.0, 4.302101377417347)	(5.0, 3.2920607065132237)	(6.0, 2.6915643007789645)	(7.0, 2.1367087426435503)	(8.0, 1.852696119054667)	(9.0, 1.6660363657162416)	('>10', 19.62999170208755)	('>50', 5.864243333867409)	('>100', 10.860189754727049)	('>500', 3.664473315412592)	('>1k', 5.776021469970223)	('>5k', 0.5745265537877484)	('>10k+', 0.6594135203942649)
SRR24630931_2	(1.0, 27.998288214590744)	(2.0, 10.713125756380421)	(3.0, 6.441358857897822)	(4.0, 4.473701644409708)	(5.0, 3.2336470227430145)	(6.0, 2.6146596380328484)	(7.0, 2.1149432652057225)	(8.0, 1.6974313812318842)	(9.0, 1.4747750924681602)	('>10', 16.769845284007435)	('>50', 4.957814176599876)	('>100', 9.190342249219029)	('>500', 3.0292796976999377)	('>1k', 4.6907443900246095)	('>5k', 0.48628263967550134)	('>10k+', 0.11376068981312952)
SRR24630932_1	(1.0, 26.039849703010916)	(2.0, 10.673410654737756)	(3.0, 6.205845197000019)	(4.0, 4.301662902194154)	(5.0, 3.1388240807854086)	(6.0, 2.537086922863241)	(7.0, 2.0400241647676)	(8.0, 1.6946513194857218)	(9.0, 1.505684540532865)	('>10', 17.619850836707528)	('>50', 5.594582013799627)	('>100', 10.277590556699764)	('>500', 3.6429128598124123)	('>1k', 4.077402069367221)	('>5k', 0.5731368440845673)	('>10k+', 0.07748533415121818)
SRR24630932_2	(1.0, 34.52113340831674)	(2.0, 11.252639925119382)	(3.0, 6.08365517276152)	(4.0, 3.964760815729509)	(5.0, 2.863289702265668)	(6.0, 2.2043970347871773)	(7.0, 1.8005428216483772)	(8.0, 1.4438953935911607)	(9.0, 1.2219399009453822)	('>10', 14.786672118508356)	('>50', 4.52790283043411)	('>100', 8.652154029260966)	('>500', 3.0257818403621863)	('>1k', 3.345927842812646)	('>5k', 0.19805086037101602)	('>10k+', 0.10725630308606729)
SRR24630933_1	(1.0, 22.825410620769198)	(2.0, 9.825968956035346)	(3.0, 5.922742600498553)	(4.0, 4.114234966739915)	(5.0, 3.230975027169611)	(6.0, 2.544358866057492)	(7.0, 2.125048500024)	(8.0, 1.835499927975944)	(9.0, 1.5763855554896553)	('>10', 19.15309539423281)	('>50', 5.9353514663164075)	('>100', 10.606305787550514)	('>500', 3.721440772113147)	('>1k', 5.406315618300201)	('>5k', 0.5460211619420365)	('>10k+', 0.6308447787851876)
SRR24630933_2	(1.0, 30.143958641495388)	(2.0, 10.724545161009337)	(3.0, 6.271237414894227)	(4.0, 4.3507283615713845)	(5.0, 3.1101089650581124)	(6.0, 2.4440645542422033)	(7.0, 2.0425078830872647)	(8.0, 1.6543144175434097)	(9.0, 1.4789592013790962)	('>10', 16.12425147950268)	('>50', 4.824960607450383)	('>100', 9.013440033722286)	('>500', 2.934316446300114)	('>1k', 4.319492149277805)	('>5k', 0.4498691329274841)	('>10k+', 0.11324555053886914)
SRR24630947_1	(1.0, 44.12809311444435)	(2.0, 12.575705961042068)	(3.0, 6.454395571193553)	(4.0, 3.991023143800332)	(5.0, 2.892742592638373)	(6.0, 2.2026351839803064)	(7.0, 1.7689085008438643)	(8.0, 1.4285190910650725)	(9.0, 1.25684409168658)	('>10', 12.437400162865158)	('>50', 3.164699586769965)	('>100', 5.645475809489181)	('>500', 1.1574848634808033)	('>1k', 0.8960723267004225)	('>5k', 0.0)	('>10k+', 0.0)
SRR24630947_2	(1.0, 47.919195726537936)	(2.0, 13.132570680929334)	(3.0, 6.287256807508664)	(4.0, 3.7971386863559125)	(5.0, 2.6196776220053763)	(6.0, 2.000470478347207)	(7.0, 1.4992679183310587)	(8.0, 1.1562329614780396)	(9.0, 1.0530066546373014)	('>10', 10.726660132066609)	('>50', 2.859070380833094)	('>100', 4.3842882155336245)	('>500', 1.7615224543381633)	('>1k', 0.8036412810976418)	('>5k', 0.0)	('>10k+', 0.0)
SRR24630948_1	(1.0, 42.72844427273469)	(2.0, 12.625230823989133)	(3.0, 6.442856743808085)	(4.0, 4.13034022735452)	(5.0, 3.0047558330054756)	(6.0, 2.2230882956215767)	(7.0, 1.7808179618986615)	(8.0, 1.4724733117042654)	(9.0, 1.2191774433951978)	('>10', 12.483389814442168)	('>50', 3.157899988146555)	('>100', 5.907037976385551)	('>500', 1.6981242991585341)	('>1k', 1.1263630083555283)	('>5k', 0.0)	('>10k+', 0.0)
SRR24630948_2	(1.0, 45.94317506095281)	(2.0, 13.159314198414062)	(3.0, 6.513519376671894)	(4.0, 4.000373477503233)	(5.0, 2.734800749853595)	(6.0, 1.902770451447142)	(7.0, 1.5837856360815996)	(8.0, 1.3302152310819582)	(9.0, 1.1276048235789662)	('>10', 10.901090191976422)	('>50', 2.997656499443945)	('>100', 4.615990995837058)	('>500', 1.8014428544381806)	('>1k', 1.3882604527191738)	('>5k', 0.0)	('>10k+', 0.0)
SRR24630949_1	(1.0, 43.97307697289831)	(2.0, 12.615836946620075)	(3.0, 6.50716939783515)	(4.0, 4.062045436307448)	(5.0, 2.8258837765733165)	(6.0, 2.130539031281752)	(7.0, 1.8055096607523964)	(8.0, 1.3870636387433986)	(9.0, 1.1584314462535459)	('>10', 12.13742076018578)	('>50', 3.162544951771055)	('>100', 5.595476708714151)	('>500', 1.6226102508103635)	('>1k', 1.016391021253307)	('>5k', 0.0)	('>10k+', 0.0)
SRR24630949_2	(1.0, 47.02715344034831)	(2.0, 13.345543698623347)	(3.0, 6.293064447402936)	(4.0, 3.8129350995857214)	(5.0, 2.6649975402466697)	(6.0, 1.9525228156511087)	(7.0, 1.5302115951817479)	(8.0, 1.2013425504500759)	(9.0, 1.11309904426146)	('>10', 10.765997428495016)	('>50', 2.871674988462946)	('>100', 4.527972609415257)	('>500', 1.8031248235344628)	('>1k', 1.0903599183410138)	('>5k', 0.0)	('>10k+', 0.0)
SRR24630967_1	(1.0, 40.89635825328738)	(2.0, 11.880653991672508)	(3.0, 6.55629167690856)	(4.0, 4.506978051657891)	(5.0, 3.3296118981166396)	(6.0, 2.6237720837002465)	(7.0, 2.1309927955582917)	(8.0, 1.7722221741285804)	(9.0, 1.5278583446259715)	('>10', 16.48710186451288)	('>50', 3.7810331258417498)	('>100', 3.974228579978386)	('>500', 0.3906868729059916)	('>1k', 0.1422102871049896)	('>5k', 0.0)	('>10k+', 0.0)
SRR24630967_2	(1.0, 49.72979561246497)	(2.0, 12.197679241598298)	(3.0, 6.415038322714435)	(4.0, 4.30614764738179)	(5.0, 3.0406454619429555)	(6.0, 2.3358463150073026)	(7.0, 1.8073133538911224)	(8.0, 1.561100325299539)	(9.0, 1.2629257066031427)	('>10', 12.90148967623233)	('>50', 2.383016220065971)	('>100', 1.7802545550351565)	('>500', 0.1946096257591647)	('>1k', 0.08413793600377473)	('>5k', 0.0)	('>10k+', 0.0)
SRR24630968_1	(1.0, 40.00079527738295)	(2.0, 11.891912063763908)	(3.0, 6.616762126560402)	(4.0, 4.447634395428774)	(5.0, 3.387015447931769)	(6.0, 2.6171618676984942)	(7.0, 2.1461250917713026)	(8.0, 1.7772573080751561)	(9.0, 1.516627570857533)	('>10', 16.89437063740515)	('>50', 3.869878220123423)	('>100', 4.203322122312899)	('>500', 0.4734670623894187)	('>1k', 0.15767080829884217)	('>5k', 0.0)	('>10k+', 0.0)
SRR24630968_2	(1.0, 50.79595149057122)	(2.0, 11.895213218895005)	(3.0, 6.2187112524767105)	(4.0, 4.151726253985582)	(5.0, 2.886266510300237)	(6.0, 2.263484222285162)	(7.0, 1.8025644268305285)	(8.0, 1.4797458666227807)	(9.0, 1.2403369293330788)	('>10', 12.776650739620449)	('>50', 2.4097614243618173)	('>100', 1.7783363710259528)	('>500', 0.2060907547947887)	('>1k', 0.09516053889673673)	('>5k', 0.0)	('>10k+', 0.0)
SRR24630969_1	(1.0, 42.22821245029332)	(2.0, 11.896994333753659)	(3.0, 6.598678550503212)	(4.0, 4.483114740481913)	(5.0, 3.2855785012965972)	(6.0, 2.540399001559062)	(7.0, 2.168486627106926)	(8.0, 1.7277438345505602)	(9.0, 1.4613246661918817)	('>10', 16.02321473228281)	('>50', 3.4522166123015117)	('>100', 3.65189022104049)	('>500', 0.37407162015580514)	('>1k', 0.10807410848210179)	('>5k', 0.0)	('>10k+', 0.0)
SRR24630969_2	(1.0, 51.419547145221244)	(2.0, 12.319925206192671)	(3.0, 6.285221437061593)	(4.0, 4.2553918556879715)	(5.0, 2.9472460556415863)	(6.0, 2.2331977937084204)	(7.0, 1.7860859544128767)	(8.0, 1.4529061641697787)	(9.0, 1.2781118743598112)	('>10', 12.10879723948581)	('>50', 2.1353716775503284)	('>100', 1.5052754441955676)	('>500', 0.18349748928684734)	('>1k', 0.08942466302555627)	('>5k', 0.0)	('>10k+', 0.0)
SRR24630977_1	(1.0, 23.21384122136622)	(2.0, 10.095466604289664)	(3.0, 5.891659574096819)	(4.0, 4.112039290298204)	(5.0, 3.114103166252838)	(6.0, 2.533319470060267)	(7.0, 2.1384584298968443)	(8.0, 1.7229449997780866)	(9.0, 1.546108010924773)	('>10', 18.71509794429234)	('>50', 5.845170309959155)	('>100', 10.918860220188662)	('>500', 3.9740135003412087)	('>1k', 4.949134700868474)	('>5k', 0.7761380540142285)	('>10k+', 0.45364450337216056)
SRR24630977_2	(1.0, 30.13312741643514)	(2.0, 11.010045345467613)	(3.0, 6.393703630996127)	(4.0, 4.2530238599004)	(5.0, 3.0750223930384393)	(6.0, 2.35681146221507)	(7.0, 1.979349047405809)	(8.0, 1.6463107936128547)	(9.0, 1.3528240822771982)	('>10', 16.0170966813705)	('>50', 4.916777329875667)	('>100', 9.429517883281308)	('>500', 3.0393335613660444)	('>1k', 4.050419210291858)	('>5k', 0.20441763412139702)	('>10k+', 0.14221966834474425)
SRR24630978_1	(1.0, 20.636342760810695)	(2.0, 9.553598902393261)	(3.0, 5.816813497066082)	(4.0, 4.145831682574571)	(5.0, 3.1418020992342788)	(6.0, 2.515047859324048)	(7.0, 2.0593340304241226)	(8.0, 1.7504786999184858)	(9.0, 1.5372985360104436)	('>10', 19.065926370840845)	('>50', 5.9244746308575165)	('>100', 11.44127400225913)	('>500', 4.246849847115395)	('>1k', 6.614725869178943)	('>5k', 1.0386776179847508)	('>10k+', 0.5115235940072493)
SRR24630978_2	(1.0, 26.65259709981675)	(2.0, 10.615599457417272)	(3.0, 6.317209350119554)	(4.0, 4.273635545142506)	(5.0, 3.2348654009936797)	(6.0, 2.4386579390898033)	(7.0, 1.991975320506904)	(8.0, 1.716373205496016)	(9.0, 1.407776000419081)	('>10', 16.491344265752993)	('>50', 5.282996370599849)	('>100', 9.936845108872081)	('>500', 3.528476731139069)	('>1k', 5.398891421834836)	('>5k', 0.5015475775158447)	('>10k+', 0.21120920528400214)
SRR24630979_1	(1.0, 25.27813888302103)	(2.0, 10.847270153614733)	(3.0, 6.295684639315264)	(4.0, 4.397739816952081)	(5.0, 3.192726234228612)	(6.0, 2.4728781899414236)	(7.0, 2.067978684337355)	(8.0, 1.7696895723327828)	(9.0, 1.4550818299343518)	('>10', 17.56146211588895)	('>50', 5.565198231543017)	('>100', 10.356760258575004)	('>500', 3.8294217074154084)	('>1k', 4.31246252891483)	('>5k', 0.3767599726745454)	('>10k+', 0.22074718131072993)
SRR24630979_2	(1.0, 31.816841875397493)	(2.0, 11.339385929997334)	(3.0, 6.258242704313495)	(4.0, 4.113368579013296)	(5.0, 3.039197097671047)	(6.0, 2.253379190320686)	(7.0, 1.8935672557606815)	(8.0, 1.5458909593437624)	(9.0, 1.2505435060988703)	('>10', 15.348227831337372)	('>50', 4.822180052179716)	('>100', 9.265360551503937)	('>500', 3.1373785731743076)	('>1k', 3.69957944547651)	('>5k', 0.1152077971952917)	('>10k+', 0.10164865121641961)
SRR25031738	(1.0, 81.56625355075572)	(2.0, 7.791339805624646)	(3.0, 2.9132269398729997)	(4.0, 1.5835521616243895)	(5.0, 1.0276422364279236)	(6.0, 0.6539729554269677)	(7.0, 0.5493756924844332)	(8.0, 0.36681572497983933)	(9.0, 0.3383344862378503)	('>10', 2.4338166420231477)	('>50', 0.5130771975410495)	('>100', 0.2625926070010976)	('>500', 0.0)	('>1k', 0.0)	('>5k', 0.0)	('>10k+', 0.0)
SRR25031739	(1.0, 81.60445620804343)	(2.0, 8.009358341937862)	(3.0, 3.0289326742008247)	(4.0, 1.4918551934390907)	(5.0, 0.9600700636479689)	(6.0, 0.6889932598942969)	(7.0, 0.5002511525961948)	(8.0, 0.42306574278474596)	(9.0, 0.3055594152509915)	('>10', 2.2486129413662503)	('>50', 0.4049543301063549)	('>100', 0.33389067673203143)	('>500', 0.0)	('>1k', 0.0)	('>5k', 0.0)	('>10k+', 0.0)
SRR25031740	(1.0, 76.03669200946108)	(2.0, 9.944446836784667)	(3.0, 3.96896976821363)	(4.0, 2.171004906420688)	(5.0, 1.320746179604886)	(6.0, 0.94624560993809)	(7.0, 0.7005836236145371)	(8.0, 0.5359785643573085)	(9.0, 0.41287680384034164)	('>10', 3.3052997084661624)	('>50', 0.34545562503078475)	('>100', 0.3117003642677922)	('>500', 0.0)	('>1k', 0.0)	('>5k', 0.0)	('>10k+', 0.0)
